[[ 962    1    5    1    4    2    1    1    1    2]
 [   0 1128    2    2    0    2    0    1    0    0]
 [   3    4  998    6    2    0    1   15    3    0]
 [   0    0   11  979    0   11    0    8    0    1]
 [   1    2    1    0  966    0    3    2    1    6]
 [   1    1    2    6    0  867    5    1    7    2]
 [   3    2    2    0    8    3  937    0    3    0]
 [   0    6   16    4    1    1    0  997    2    1]
 [   3    0    3    0    9    2    5    2  936   14]
 [   2    2    0    3    9    4    1    6    9  973]]

Test set: Average loss: 0.0834, Accuracy: 9743/10000 (97%)

